8849596287852668455728237141742760911751833276893095952796577560851489434453135747202594182365619163
8302820871228364033313102402302059262450611793495280671535522915408901469948382455850552582698589173
2437872203386253884957006364366594970720332571172157816988779714308615195083694920543562076324415898
3749597534647080209512193658276755575239756221827386617392922588253174191429833503517980449629129817
9004200868808192781405629169272492017005744955291958597825910944925128459817501647768126116974855577
5953534955370820487370284363565563980656726196001300247011977756115485102544064053518639827435024523
1715886496930041349508654362981507618769188084698722476746224831522875693634455610350029069016401853
6052162295049899887495732139131883466847420347548955387875806907942261825430014221825872213929537517
9549216091910722514039143292932352179341944250495412506913315451007329123123208699619931643714046353
6977628370837224030916037038771070107806831953349349750237639085349488353439687387818177629565544958
8334951944146695179981371746964778748012528543058803207980599848067277535098654021124559180816201467
5733072496726223340495454455433500358412643641322618143802187482966444371483277440414929589030709315
8848249517280626286252127991201316223719484556381932124186927756530429315727650144439582145123099629
8828424957303332826955853256244176493592909038799332057498761124409173149407913346624387956812794241
5294959289665908459712243470253334674074126689118835573788915505498664893779370523526812609623068344
6901049101840386687495837439735690852906007283197285915635965626327169125549918564998153227596047686
4957385041964000957826801147164209718453191528650688265604191329217158741869598088874078565311934530
2094382092592473621207657093674610194905488677939533539249252287312893380545741315334959077013558082
5182893013453326793353646354959195972395835146427825467396771019630930755790784512942194202369746142
9957858754704951473843755867379810210053071206812402877828948441216710608142203583590199067826812141
4959239449150561220907678373342676499745994953579632876030179448040481671869217910375230230464360047
5474561517180264249545331305060502696008972479451583595781431996605812928037145438643345925722209665
8125256937258894179626111816207325929956092104154169473480006580057396861656072060138536084950508441
1216495571525235170836852872528007318371494780829618606164166195360302592357874010324824253933563638
2552739122495040959736975194140888397804080750457082090273440287759455371245379551505698000252907111
7356349542658669742798067711420524154658792702851965060686762784908659089192650126423044732506367105
7852830652451553749578909791220013902668308238211778598879688408078826615829202514802618130394681267
4955703351692950827339119687060708818822409656433045628670566094852317291297306321410852405763260201
2105851728135864979789223821833626694525783815149507828961193395969633541719187778044424471083503587
9952388489674951712518290897245271852344668847548618392260861042068653841992303230109311418895408529
7703595254561845591274614276741917534953358106132848427642663963850987421617459389661050188521871801
5089595654958848413953148717398768667732362144325165028965355505297492234135029087773386497466861421
8615127512621749595133482991800673628117303048038225410323595977498576070261486539465064636163643736
4495653120030389740843437340013651894804374642947153962089558612990899939073381681141828047745663634
6918785501295606243006234361907046574528705817176991362424952536336557736156371348205096123851750018
9078837160074911059755655605063385931890135034958465201469718597605140496232825896220580006245875386
2375494952620178274067239830107088434504059211504319237863468068846872359463916382580163769998741394
9649553326249652518572543633050285523527964263267574171798001264198708785988392672473527885012974970
4931637117633869102478014272856055471886307627495066093542980792079116075671853360086176530527153344
2896183775561833541900928245084741255632361954495183331233537592107388658945249137398914881084258818
7406224287348923993427619434648270257197195448141346300495344667067003067717976601911852738698100693
4357312310405623705832495906265728741592601046445828379191044572008883048544900538572940047880316828
5386689856889281314486819196308348197139749534597980877533928550694178568217460243910469687152186992
1787948495217023080376405203652174931410386269182287429167391567425325761087329055882708014989118303
3627364964057361158511991077625770475413066003324805949511444961820300233889945668825894920270501929
8495178325477575252609149103633140153757862263080410431255815446524310941035318474113053591397697108
4955673873393390443965470419195832309683186827141368014111379164395277184741235835121356127651135522
6847613452351334955784624286863128089923438573089501670846660226674147615991331014317027549893367297
3277822975219888424978495427027243862426576310608558352160501734916889768073511092919534239315533470
1907849558873274552202219465273629756504906173966366004507999860940331376142716260260751154308573490
8866269337315495284505203574581949390455756951062003399145677258787774763851798874087077379946977403
8920495555885111010312770615293703889923228856439592763878500785619544897445021018054306575180769324
9434108804952466543003587748330553032063725973833193839543346766264436556197487844165621731401195653
4730443335268125549531052373007627333732385655824922132170818624830247114614650577529663077054037246
8724495811702344012534553250033704670775182010032552825554518856994709634055080973682766612322300702
3116669076869921246448855484956590550991821149859500755340189909167915569728567153052546623230092816
4461134959904220837848480437567557909105804971692483281472919619200187934102850552366144056971460712
2447220731554584413285118936474628461620420630149594093887357449659400182632430902450175783911748661
7288254176524952001212732733782367010603874551643781374554522691939710493282107150956991564045021667
8048495076062364035881754699339757652264749660403110269026582656983006624236333344835164793331626426
7503355634952222986086315688519856019768369386248933919369538070451125798805401997964241043567255656
6621843891572171504950613591800221423595269106787354979648263334426363129283149810592189615948988740
7196982204198136636035410365667156028762701498819667222135347848221091937211390753740495416185266789
6598725470669916495875600671637779560909202065570944063417896020928184862781085663960652708673617154
7748252839180511225557277043968217167262909665559100074069249555356698826546399861941290653835615708
9817501149532046318439454040269816611504985307222157715162862912965828889522206295746000583454471967
8184665752549546974570954198635338341282472651377466735993891167286289440891842012232038692323662428
8754250112188924495412237394595281328207095824043895674902847514512049689052995629143795584718507544
7970035230244705402168099786058440549583229861764772463927523476730869277089844156428994395708831293
6143495431726892608339050943976364697586205378213029857225373674945186636389783307350288383728430226
3473914142073149509786924184003868132472827377059692988101493964629268302104801650753130853167394313
8998247894384313495914240894202735713980759846121645629750429129802303705027111163272568156308943883
9900587549547088985107574265181842240698067525994316417485873124129165527008953721452779050983096287
1339657749508697636186621135304736220543506727638204170846395078534190966813909645708730215557080034
5371506870195525395745179584955598704480568925359333227274785711920168518448308628302388529168835652
6213143860780168510191209473320495045704351226290066475678816453830848137189920226658444504477295298
1981161883104953490843293843643133219838209523807590457606617172182259773805801104512144867813220673
4955514473140409721322022884868955953011394578521027774432790556051734121085585621478256309886257463
5405665956639845242374108209298685163955168467584495418840140898331587168873057074453005356759515446
1813343204951063297709394244258351130673705894447886852985100838302697346635219171680855307375975291
5719495914555618434020459243352938598070528180781402857444587438627062816231837281682649718530108835
9320495820140769707950236603336361822017290733300869173576258117387130218084831616947922842698442911
2745122495465467373133703782503772360072552328335980624146720148661839602546994907383377863439461390
3845317506478395264134253963023673830298973958730184032271900248288412874684073936435216767327291495
5724954645744879397045374589494342781178266862096656368571917364411119451508202337191359126381871086
2151146589855991365292536738955856594956464347610284602045642357823295726804076677642779193220809580
2314261634957949972187223767923253372560256535540913982853118514504629602133879328245050646808938728
1414978233554004799091554606616302222489895647168540074183449521492054392777889514628379222299519225
4705069684640436093176604035220837081573744479290080207172321495420243923484080323413817013227982681
9954959992652467369957589809368420092831978834497604502432512107683452173021732102595133459204846586
2386303535449537263234883285717420808146619857995797784840629377439348248834783487317140315178612956
3607044373527838789807704495641958950855585440994820628167797599605415927671636706298066860363710129
9905743395212264674953559099779298145378774169169609946752691457903504884628194872623017017038266427
3469872721164049578314793892811571449018802319350122075113300399758823225878455939315409046054917357
8214952454434034702316627955513903573629594038028508574900093314963409795575373577036693908261106827
6087585442844958033856879226674894034221393610321245879359598321394049162824383317587605980717355115
4959440270986579204875429106805320160271221953807160952081250795368339022543456512521858475481015458
8477196772572979205914953367896185371017975478476231843759820938786216517947106884352964735928403806
3280560487133763324647153568957263514956239711892132859398797384171099345158155588286008171096370885
7867348915895224145023924975733724958308465963594240053855709707206508636695209677088558006686916768
